FB	rho	time	Y	U	W	C	Ys
1	1.0	0.0	9.998591296655237	24.34973732796918	1.099845042632076	1.9680289454409254	NaN
1	1.0	9.999999999999999e-5	9.998591296655237	24.34973732796918	1.099845042632076	1.9680289454409254	NaN
1	1.0	0.0010999999999999998	9.998591296655237	24.34973732796918	1.099845042632076	1.9680289454409254	NaN
1	1.0	0.011099999999999997	9.998591296655237	24.34973732796918	1.099845042632076	1.9680289454409254	NaN
1	1.0	0.11109999999999996	9.998591296655237	24.34973732796918	1.099845042632076	1.9680289454409254	NaN
1	1.0	1.1110999999999995	9.998591296655237	24.34973732796918	1.099845042632076	1.9680289454409254	NaN
1	1.0	5.178913092007852	9.998591296655238	24.349737327969176	1.0998450426320734	1.9680289454409303	NaN
1	1.0	14.642960889504403	9.998591296626735	24.349737327997428	1.0998450426566182	1.9680289453898367	NaN
1	1.0	22.725294648135108	9.998591239911894	24.34973738421194	1.099845091494122	1.9680288435839097	NaN
1	1.0	27.131081866067166	9.998591265605395	24.349737358745102	1.0998450693692883	1.968028889704964	NaN
1	1.0	31.2722601580879	9.998591289011298	24.34973733554568	1.0998450492143188	1.9680289317196882	NaN
1	1.0	35.6046007432088	9.9985912933025	24.34973733129233	1.099845045519138	1.9680289394226023	NaN
1	1.0	40.152528578875156	9.998591293854917	24.349737330744787	1.099845045043449	1.968028940414216	NaN
1	1.0	44.830320734013654	9.998591293240333	24.34973733135395	1.099845045572671	1.9680289393110086	NaN
1	1.0	49.532375494486445	9.998591292189891	24.349737332395126	1.0998450464772138	1.9680289374254136	NaN
1	1.0	54.198784924772895	9.998591291385718	24.349737333192206	1.0998450471696932	1.968028935981882	NaN
1	1.0	58.82177973484069	9.998591291172168	24.349737333403873	1.0998450473535821	1.9680289355985496	NaN
1	1.0	63.41971750286986	9.998591291351921	24.349737333225708	1.0998450471987955	1.968028935921215	NaN
1	1.0	68.01276834451284	9.998591291598485	24.349737332981316	1.099845046986477	1.968028936363811	NaN
1	1.0	72.61180953127867	9.998591291748395	24.349737332832728	1.0998450468573882	1.9680289366329082	NaN
1	1.0	77.21848383634999	9.998591291786527	24.349737332794934	1.0998450468245529	1.9680289367013557	NaN
1	1.0	86.4409644739203	9.998591296811306	24.34973732781448	1.0998450424976858	1.9680289457210738	NaN
1	1.0	99.65522220419432	9.998591296644635	24.349737327979685	1.099845042641204	1.9680289454218938	NaN
1	1.0	119.30600359222782	9.998591296656413	24.349737327968008	1.0998450426310729	1.9680289454430158	NaN
1	1.0	152.6653749656267	9.998591296655068	24.349737327969358	1.0998450426322142	1.9680289454406301	NaN
1	1.0	219.8859086426973	9.998591296655253	24.34973732796915	1.0998450426320587	1.968028945440961	NaN
1	1.0	381.5452038806083	9.99859129665523	24.349737327969233	1.099845042632075	1.9680289454409232	NaN
1	1.0	500.0	9.998591296655237	24.349737327969176	1.0998450426320756	1.9680289454409254	NaN
1	1.05	500.0	9.998591296655237	24.349737327969176	1.0998450426320756	1.9680289454409254	NaN
1	1.05	500.19254217359304	10.009068267083506	24.34986344936066	1.0998447223134555	1.968029258122079	NaN
1	1.05	500.89539871494327	10.045477568625063	24.352369454452685	1.099818102920217	1.9680530059112964	NaN
1	1.05	502.1361721808609	10.103120556208989	24.363870861931353	1.0995694269399436	1.9682391926639613	NaN
1	1.05	503.63652061952524	10.162386078549419	24.38807478221619	1.0988349555245072	1.9686680436849824	NaN
1	1.05	505.457193895864	10.220394562340722	24.429635464588475	1.097343644152806	1.9693045011593953	NaN
1	1.05	507.765811412422	10.27459901167125	24.49660631318472	1.0947070199456679	1.9700657798127643	NaN
1	1.05	509.84181131755264	10.307461608481253	24.56599166527089	1.091839523709735	1.9706114003265223	NaN
1	1.05	512.1056348679192	10.328997823048129	24.647227156741184	1.0883926516826747	1.9710361621635148	NaN
1	1.05	514.292721606486	10.338193776166273	24.72781759495157	1.0849171670850533	1.9712921149785627	NaN
1	1.05	516.5597070021744	10.338161012434304	24.810649142152194	1.0813085298904839	1.9714229580370641	NaN
1	1.05	518.80672767982	10.33072480179435	24.889831439438773	1.0778354524217904	1.9714447037359832	NaN
1	1.05	521.0952288142806	10.317567108708646	24.965805198539325	1.0744873799085777	1.9713824265411148	NaN
1	1.05	523.3893483596675	10.300446052839334	25.03606453591303	1.0713799523331018	1.9712575632374956	NaN
1	1.05	525.716616776842	10.280543828958495	25.100558784652588	1.0685186040434478	1.9710870988521738	NaN
1	1.05	528.0666257000703	10.259105325540457	25.158383693628615	1.0659451873368526	1.9708871057656834	NaN
1	1.05	530.4546951456056	10.236968327041042	25.209574538335506	1.063659128769622	1.9706691940427306	NaN
1	1.05	532.8813053368151	10.21493631551642	25.253982232117902	1.061667723949253	1.9704439186894174	NaN
1	1.05	535.3580756444618	10.193568165385761	25.291826696040495	1.059961729080145	1.9702189043288245	NaN
1	1.05	537.891293196977	10.17335039400121	25.323326531030773	1.058532068224635	1.9700006683767697	NaN
1	1.05	540.4931288640432	10.154620681879338	25.34885390003341	1.0573629372617157	1.9697939153771453	NaN
1	1.05	543.1750166602537	10.137643201263625	25.368811304369615	1.0564373786172214	1.969602400975109	NaN
1	1.05	545.9534302170442	10.122585956098343	25.38366696472374	1.0557356335655292	1.9694287288588228	NaN
1	1.05	548.8484229773708	10.109553778342333	25.39391084213366	1.055237097316885	1.9692747438731253	NaN
1	1.05	551.8890669366983	10.0985857892307	25.400052807999433	1.054920307555031	1.9691415123705773	NaN
1	1.05	555.1196267627657	10.08967041221144	25.402597102139115	1.0547640130225608	1.9690294859570172	NaN
1	1.05	558.6231041818131	10.082745651565704	25.40200725907332	1.054748552612889	1.968938449942637	NaN
1	1.05	562.6494473381779	10.077667682804687	25.39852316224462	1.0548631655365235	1.9688668163478806	NaN
1	1.05	566.9774680536206	10.074838371386607	25.392957322480736	1.055076687871935	1.9688210524956087	NaN
1	1.05	571.2242599389324	10.073945443009016	25.38684522348783	1.0553240034413152	1.968799560557007	NaN
1	1.05	575.228971477156	10.074234670051755	25.381208648428146	1.0555585824313372	1.9687942081612662	NaN
1	1.05	579.2824342214248	10.075203750004208	25.37605019513897	1.0557774154352073	1.968798470163879	NaN
1	1.05	583.3320415031927	10.07652182420237	25.371661947610516	1.0559664936103579	1.9688085266775115	NaN
1	1.05	587.4275883635706	10.077968954513326	25.36807763939027	1.0561231218638711	1.9688215717773914	NaN
1	1.05	591.5830469441893	10.079387762031336	25.365294719051327	1.0562464682966108	1.9688355523716639	NaN
1	1.05	595.8171670053515	10.0806770987623	25.363253083294417	1.0563384129190259	1.9688490515863308	NaN
1	1.05	600.1395143979173	10.081775855544072	25.361863734367635	1.0564022700909816	1.968861126461441	NaN
1	1.05	604.5473139026236	10.082654969248082	25.361018663244714	1.0564423329150412	1.9688712208618868	NaN
1	1.05	609.0199532690169	10.083311513627292	25.360599546847645	1.0564634776111903	1.9688791032372914	NaN
1	1.05	613.52142700088	10.083764222163841	25.360486485394937	1.0564707740888923	1.9688848228020768	NaN
1	1.05	618.0163258746162	10.084047287672801	25.360569669910287	1.0564689654153558	1.9688886476401495	NaN
1	1.05	626.9575435898414	10.084263430192344	25.36099785468501	1.0564524807936952	1.9688921673696924	NaN
1	1.05	635.9931944383852	10.084228820247327	25.36146516100431	1.0564329335782359	1.968892471139782	NaN
1	1.05	645.2015730550404	10.084111625311003	25.361807163465794	1.0564180976017443	1.9688914956837578	NaN
1	1.05	654.7853086419965	10.083998371773742	25.361999338404193	1.0564094875735481	1.9688903294720244	NaN
1	1.05	665.0046138462257	10.083922184842383	25.362073425715074	1.0564059804521184	1.9688894557553078	NaN
1	1.05	676.2950951399657	10.083886250571915	25.362076507771306	1.0564056453504966	1.9688889921584334	NaN
1	1.05	688.6477151336774	10.08387962466903	25.362052648237604	1.0564065948544439	1.96888886718781	NaN
1	1.05	701.616845891632	10.083884990697932	25.362031985353774	1.0564074812700543	1.968888903757895	NaN
1	1.05	715.7881810231232	10.083890981338943	25.362022264165272	1.0564079183147503	1.9688889661606346	NaN
1	1.05	731.8852330131475	10.083893853583854	25.362020728301015	1.0564079984847914	1.9688890011316988	NaN
1	1.05	750.9345668575734	10.08389416116528	25.362022065286247	1.0564079449106298	1.9688890073038199	NaN
1	1.05	771.6525058361573	10.083893806145097	25.362022845085967	1.0564079105772985	1.9688890039349551	NaN
1	1.05	796.410343315221	10.083893667812202	25.362022904667665	1.0564079073118298	1.9688890022274248	NaN
1	1.05	827.117757202833	10.083893681100108	25.362022842927175	1.05640790994458	1.9688890023008947	NaN
1	1.05	863.9290056704333	10.083893687207715	25.362022840750633	1.0564079100699557	1.968889002377017	NaN
1	1.05	913.1296629724644	10.08389368647626	25.362022842060995	1.056407910011484	1.9688890023695946	NaN
1	1.05	987.0317459553485	10.083893686503206	25.362022841989393	1.0564079100146038	1.9688890023698316	NaN
1	1.05	1117.4477071785614	10.083893686503401	25.362022841988328	1.0564079100146488	1.9688890023698318	NaN
1	1.05	1409.8091874618347	10.083893686503485	25.36202284198834	1.056407910014649	1.9688890023698333	NaN
1	1.05	2164.747899276105	10.083893686503464	25.36202284198835	1.0564079100146488	1.9688890023698336	NaN
1	1.05	4278.161489558681	10.08389368650347	25.362022841988335	1.0564079100146493	1.968889002369833	NaN
1	1.05	10388.409049661825	10.083893686503473	25.362022841988328	1.0564079100146495	1.9688890023698329	NaN
1	1.05	26688.097622062007	10.083893686503473	25.362022841988328	1.0564079100146495	1.968889002369833	NaN
1	1.05	75761.92694703667	10.083893686503473	25.362022841988324	1.0564079100146495	1.968889002369833	NaN
1	1.05	95500.0	10.083893686503473	25.362022841988328	1.0564079100146495	1.968889002369833	NaN
1	1.05	Inf	10.083893686503473	25.362022841988324	1.0564079100146495	1.9688890023698329	NaN
0	1.0	0.0	9.998591296655238	24.349737327969173	1.0998450426320763	1.9680289454409252	9.998591296655237	NaN
0	1.0	9.999999999999999e-5	9.998591296655238	24.349737327969173	1.0998450426320763	1.9680289454409252	9.998591296655237	NaN
0	1.0	0.0010999999999999998	9.998591296655238	24.349737327969173	1.0998450426320763	1.9680289454409252	9.998591296655237	NaN
0	1.0	0.011099999999999997	9.998591296655238	24.349737327969173	1.0998450426320763	1.9680289454409252	9.998591296655237	NaN
0	1.0	0.11109999999999996	9.998591296655238	24.349737327969173	1.0998450426320763	1.9680289454409252	9.998591296655237	NaN
0	1.0	1.1110999999999995	9.998591296655238	24.349737327969173	1.0998450426320763	1.968028945440925	9.998591296655237	NaN
0	1.0	5.10174977948609	9.99859129665524	24.349737327969173	1.0998450426320756	1.9680289454409268	9.998591296655237	NaN
0	1.0	15.430891525051608	9.998591296695022	24.349737327935163	1.0998450425980657	1.9680289455120001	9.998591296655237	NaN
0	1.0	23.44594055473054	9.998591361513439	24.349737272523242	1.0998449871861447	1.968029061845952	9.998591296655237	NaN
0	1.0	27.879129653678	9.998591332036488	24.349737297722477	1.0998450123853782	1.96802900894188	9.998591296655237	NaN
0	1.0	32.04960596379814	9.998591305432592	24.349737320465596	1.0998450351284959	1.9680289611941997	9.998591296655237	NaN
0	1.0	36.41051976349663	9.998591300512235	24.34973732467191	1.0998450393348083	1.9680289523633234	9.998591296655237	NaN
0	1.0	40.9872116234453	9.998591299871203	24.349737325219916	1.0998450398828132	1.9680289512128215	9.998591296655237	NaN
0	1.0	45.69424189993215	9.998591300566327	24.349737324625668	1.0998450392885661	1.968028952460405	9.998591296655237	NaN
0	1.0	50.4259825294062	9.998591301759744	24.34973732360544	1.0998450382683385	1.9680289546023069	9.998591296655237	NaN
0	1.0	55.12230714461428	9.998591302675573	24.349737322822516	1.0998450374854154	1.968028956246002	9.998591296655237	NaN
0	1.0	59.775228533724345	9.998591302921264	24.34973732261248	1.0998450372753792	1.9680289566869589	9.998591296655237	NaN
0	1.0	64.40300413873594	9.998591302718825	24.34973732278554	1.0998450374484392	1.9680289563236308	9.998591296655237	NaN
0	1.0	69.02580605464142	9.99859130243877	24.349737323024954	1.099845037687853	1.968028955820997	9.998591296655237	NaN
0	1.0	73.65456099395864	9.998591302267831	24.349737323171087	1.0998450378339852	1.9680289555142023	9.998591296655237	NaN
0	1.0	78.29095192566021	9.998591302223923	24.349737323208622	1.0998450378715212	1.9680289554353978	9.998591296655237	NaN
0	1.0	87.57290749594969	9.998591296476736	24.34973732812178	1.099845042784675	1.9680289451205555	9.998591296655237	NaN
0	1.0	100.87234111709486	9.99859129666736	24.349737327958806	1.0998450426217117	1.9680289454626874	9.998591296655237	NaN
0	1.0	120.64973991462786	9.998591296653903	24.34973732797032	1.0998450426332136	1.9680289454385347	9.998591296655237	NaN
0	1.0	154.22590047890452	9.998591296655416	24.34973732796902	1.0998450426319157	1.9680289454412587	9.998591296655237	NaN
0	1.0	221.92847092749332	9.99859129665522	24.3497373279692	1.099845042632096	1.9680289454408852	9.998591296655237	NaN
0	1.0	385.4710521447411	9.998591296655215	24.34973732796921	1.099845042632073	1.9680289454409279	9.998591296655237	NaN
0	1.0	500.0	9.998591296655244	24.34973732796918	1.0998450426320763	1.968028945440925	9.998591296655237	NaN
0	1.05	500.0	9.998591296655244	24.34973732796918	1.0998450426320763	1.968028945440925	9.998591296655237	NaN
0	1.05	500.1949439492097	10.009197577370195	24.34973732796918	1.0998450426320763	1.968028945440925	9.998591296655237	NaN
0	1.05	500.9360335910313	10.047504542367317	24.34973732796918	1.099845042632076	1.9680289454409252	9.998591296655237	NaN
0	1.05	503.86097548379314	10.171586338627307	24.34973732796918	1.0998450426320758	1.9680289454409252	9.998591296655237	NaN
0	1.05	509.39959750947673	10.3207471438887	24.349737327969205	1.0998450426321003	1.9680289454408757	9.998591296655237	NaN
0	1.05	516.282347233734	10.415140815627336	24.34973732797605	1.0998450426389472	1.9680289454265056	9.998591296655237	NaN
0	1.05	523.6879016837007	10.461599209245042	24.349737331817597	1.0998450464804923	1.9680289373614028	9.998591296655237	NaN
0	1.05	529.165808764554	10.478309791501951	24.34973736449509	1.099845079157987	1.9680288687571628	9.998591296655237	NaN
0	1.05	533.7599612825659	10.486327706775004	24.34973736001897	1.0998450746818664	1.9680288781544866	9.998591296655237	NaN
0	1.05	538.0623887378224	10.490924978663019	24.349737339783147	1.0998450544460447	1.9680289206382704	9.998591296655237	NaN
0	1.05	542.4111575920639	10.493812965066727	24.349737332974726	1.0998450476376258	1.9680289349321007	9.998591296655237	NaN
0	1.05	546.9166776640154	10.49565280641705	24.34973733135424	1.09984504601714	1.9680289383342044	9.998591296655237	NaN
0	1.05	551.555872911416	10.496799141794593	24.3497373313552	1.0998450460181002	1.968028938332189	9.998591296655237	NaN
0	1.05	556.2544774366659	10.497494028282883	24.349737331988873	1.0998450466517722	1.9680289370018358	9.998591296655237	NaN
0	1.05	560.949386664793	10.497908208045436	24.34973733269076	1.0998450473536603	1.9680289355282674	9.998591296655237	NaN
0	1.05	565.6150438384466	10.498154146571903	24.349737333067562	1.0998450477304629	1.9680289347371949	9.998591296655237	NaN
0	1.05	570.2551437765209	10.4983007387673	24.34973733308232	1.0998450477452213	1.9680289347062117	9.998591296655237	NaN
0	1.05	579.5127827055787	10.498441354356673	24.34973732780641	1.0998450424693007	1.9680289457826605	9.998591296655237	NaN
0	1.05	589.3365293724382	10.49849387644612	24.3497373279752	1.0998450426380966	1.9680289454282855	9.998591296655237	NaN
0	1.05	600.0421930513833	10.498512549229087	24.349737327968896	1.0998450426318043	1.968028945441497	9.998591296655237	NaN
0	1.05	611.976251004024	10.498518624538285	24.34973732796918	1.0998450426320914	1.9680289454408937	9.998591296655237	NaN
0	1.05	625.634622483154	10.498520363435572	24.34973732796916	1.0998450426320756	1.9680289454409277	9.998591296655237	NaN
0	1.05	641.7336390432606	10.498520776679474	24.349737327969162	1.099845042632077	1.9680289454409252	9.998591296655237	NaN
0	1.05	661.3956821782192	10.49852085172106	24.349737327969162	1.099845042632077	1.9680289454409248	9.998591296655237	NaN
0	1.05	686.5193627531246	10.498520860870272	24.34973732796916	1.0998450426320763	1.9680289454409248	9.998591296655237	NaN
0	1.05	720.6452663468797	10.49852086147386	24.34973732796916	1.0998450426320774	1.9680289454409243	9.998591296655237	NaN
0	1.05	774.1767221466059	10.498520861488084	24.349737327969155	1.0998450426320776	1.9680289454409257	9.998591296655237	NaN
0	1.05	878.8938865585894	10.498520861487993	24.349737327969155	1.099845042632077	1.968028945440925	9.998591296655237	NaN
0	1.05	1161.4810811956113	10.498520861488014	24.34973732796916	1.0998450426320767	1.968028945440925	9.998591296655237	NaN
0	1.05	1997.8394999998056	10.498520861488002	24.349737327969162	1.0998450426320767	1.9680289454409252	9.998591296655237	NaN
0	1.05	4691.10485106165	10.498520861488004	24.349737327969166	1.0998450426320765	1.9680289454409252	9.998591296655237	NaN
0	1.05	13578.168402398045	10.498520861488002	24.34973732796917	1.0998450426320763	1.9680289454409254	9.998591296655237	NaN
0	1.05	42135.1521821084	10.498520861488002	24.349737327969173	1.0998450426320763	1.9680289454409254	9.998591296655237	NaN
0	1.05	95500.0	10.498520861487998	24.349737327969176	1.0998450426320758	1.9680289454409254	9.998591296655237	NaN
0	1.05	Inf	10.498520861488004	24.349737327969166	1.0998450426320765	1.9680289454409252	9.998591296655237	NaN
