FB	rho	time	Y	U	W	C	Ys
1	125.0	0.0	1.2327444114742478	270.47512011289217	0.009862941487323163	0.1999160883880499	NaN
1	125.0	9.999999999999999e-5	1.2327444114742478	270.47512011289217	0.009862941487323163	0.1999160883880499	NaN
1	125.0	0.0010999999999999998	1.2327444114742478	270.47512011289217	0.009862941487323163	0.1999160883880499	NaN
1	125.0	0.011099999999999997	1.2327444114742478	270.47512011289217	0.009862941487323154	0.1999160883880499	NaN
1	125.0	0.11109999999999996	1.2327444114742474	270.47512011289217	0.009862941487323106	0.19991608838804995	NaN
1	125.0	1.1110999999999995	1.2327444114738932	270.4751201128922	0.009862941487348498	0.1999160883880232	NaN
1	125.0	5.274687328320093	1.2327419340569759	270.47512032464124	0.00986312270662157	0.19991589777278213	NaN
1	125.0	5.646313969144707	1.2327404781859894	270.475120449077	0.009863229201344328	0.1999157857564547	NaN
1	125.0	5.987917379497666	1.2327407640320385	270.47512042464524	0.009863208292124464	0.19991580774978765	NaN
1	125.0	6.30736069651846	1.2327421735771358	270.475120304169	0.009863105186048729	0.1999159162017702	NaN
1	125.0	6.625434531331998	1.232743073312287	270.47512022726715	0.009863039371799966	0.19991598542839661	NaN
1	125.0	6.953254909572235	1.2327434507136639	270.47512019501	0.009863011765471162	0.1999160144660755	NaN
1	125.0	7.633229221996692	1.2327446070676547	270.47512009617446	0.009862927179950541	0.19991610343723853	NaN
1	125.0	8.35223496833183	1.2327443712837964	270.47512011632733	0.009862944427186833	0.19991608529575736	NaN
1	125.0	9.270390238482852	1.2327444197389859	270.4751201121858	0.00986294088276711	0.19991608902395067	NaN
1	125.0	10.525924225393792	1.2327444098950242	270.4751201130272	0.009862941602839553	0.19991608826654372	NaN
1	125.0	12.386954508958178	1.2327444117268591	270.4751201128706	0.009862941468844129	0.19991608840748679	NaN
1	125.0	15.414980412441578	1.2327444114446011	270.47512011289473	0.00986294148949091	0.1999160883857696	NaN
1	125.0	20.946274815082873	1.232744411476406	270.475120112892	0.009862941487164443	0.1999160883882167	NaN
1	125.0	33.03694481385	1.2327444114741588	270.47512011289217	0.009862941487328879	0.19991608838804378	NaN
1	125.0	70.64624405009513	1.2327444114742392	270.4751201128921	0.00986294148732301	0.1999160883880499	NaN
1	125.0	255.21842719648686	1.232744411474239	270.4751201128919	0.009862941487323086	0.19991608838804986	NaN
1	125.0	500.0	1.2327444114742392	270.47512011289166	0.009862941487323093	0.19991608838804983	NaN
1	131.25	500.0	1.2327444114742392	270.47512011289166	0.009862941487323093	0.19991608838804983	NaN
1	131.25	500.0591544982738	1.2362851270388187	270.47513333240056	0.009862941403446384	0.1999160884712892	NaN
1	131.25	500.20092464228713	1.2439649804701136	270.47526573010794	0.00986293914037136	0.19991609067129756	NaN
1	131.25	500.3866060059438	1.2525093095055544	270.4756283659	0.00986292984438352	0.19991609940056557	NaN
1	131.25	500.61495064473917	1.2610577252470134	270.476319097959	0.009862908862641755	0.19991611812773444	NaN
1	131.25	500.88905328492734	1.2690460902825613	270.47743216129254	0.009862872250181016	0.1999161486508607	NaN
1	131.25	501.2084609177015	1.2759704516511343	270.4790268744106	0.009862817551517538	0.1999161904479396	NaN
1	131.25	501.5751432131779	1.2816160493547701	270.4811450038057	0.009862743132468595	0.19991624149407744	NaN
1	131.25	501.99038991787484	1.2859433539882081	270.4838011039966	0.009862648446874588	0.1999162984356849	NaN
1	131.25	502.45727759429593	1.2890741269111698	270.48700324893275	0.00986253330527866	0.19991635751955253	NaN
1	131.25	502.9795034709846	1.2912076544031048	270.4907545067454	0.00986239846653532	0.19991641430120596	NaN
1	131.25	503.55856279398387	1.2925662806864437	270.4950380143336	0.009862268992555469	0.199916439871104	NaN
1	131.25	504.06068686459406	1.2932387119955688	270.49881383546375	0.009862410571296693	0.19991618368186045	NaN
1	131.25	504.39964436907303	1.2935331280855606	270.50138190964867	0.009862281519829924	0.19991624211057987	NaN
1	131.25	504.7132189743433	1.2937277641775546	270.50376682382876	0.009862072971867263	0.19991638697171296	NaN
1	131.25	505.02960941048906	1.2938675893911993	270.506179580292	0.009861922622032959	0.19991646744007874	NaN
1	131.25	505.3586113127259	1.2939692619348675	270.508693302904	0.00986180816399617	0.19991650475020975	NaN
1	131.25	505.70097378885924	1.294041162303499	270.51131262996694	0.009861708985100094	0.19991652047007	NaN
1	131.25	506.0520047987682	1.2940894059751962	270.5140007126016	0.009861617117478657	0.19991652432268814	NaN
1	131.25	506.4054809954252	1.294119637220868	270.5167090495483	0.00986152840450753	0.19991652253760886	NaN
1	131.25	506.7570138348512	1.2941369176668311	270.5194033374922	0.00986143872127174	0.1999165208927404	NaN
1	131.25	507.10513187697904	1.2941452379957248	270.52207180993594	0.009861345313675518	0.19991652293752205	NaN
1	131.25	507.4504969788814	1.2941474068361063	270.52471921068906	0.009861248344394192	0.19991652853028538	NaN
1	131.25	507.79457446780526	1.2941452888681735	270.52735655175064	0.009861149719711994	0.19991653542545493	NaN
1	131.25	508.13863170907996	1.2941401245832425	270.5299933943414	0.009861051158656825	0.19991654159080036	NaN
1	131.25	508.4833240135456	1.2941327721943447	270.53263464982103	0.009860953451970291	0.19991654611590348	NaN
1	131.25	508.8287307941291	1.294123850583013	270.5352808449768	0.009860856646319895	0.1999165490183943	NaN
1	131.25	509.1746014554841	1.2941138153640195	270.53793000050945	0.00986076042633606	0.19991655077809456	NaN
1	131.25	509.5206159445251	1.2941030001677245	270.54057962301465	0.00986066441195382	0.19991655195246683	NaN
1	131.25	510.2124812703593	1.2940813615962397	270.54587548471795	0.009860372900040382	0.1999166582340015	NaN
1	131.25	510.92791120239866	1.2940560332505668	270.55134894097466	0.009860193538053789	0.19991663894573866	NaN
1	131.25	511.85814780751224	1.2940227144405814	270.55846118977047	0.009859930189512534	0.19991664481786137	NaN
1	131.25	513.0279696562193	1.2939802164364442	270.5673978010852	0.009859605344628194	0.1999166449001841	NaN
1	131.25	515.0230017003001	1.2939074706082074	270.58261924260745	0.009859050501302995	0.19991664545742627	NaN
1	131.25	517.386907331501	1.2938213107708703	270.60062373511016	0.009858394506632276	0.19991664500598416	NaN
1	131.25	521.9556348350536	1.2936552645932862	270.63532496271756	0.00985713034644069	0.19991664351892535	NaN
1	131.25	526.9485896932929	1.2934745424988054	270.6731039576035	0.009855754453345198	0.19991664171767579	NaN
1	131.25	533.436019280141	1.2932408720711708	270.72196658900884	0.009853975453015015	0.1999166393866207	NaN
1	131.25	541.1838210580474	1.2929634948147992	270.779991907214	0.009851863694539451	0.19991663662240808	NaN
1	131.25	550.4359121132525	1.2926346532195472	270.8488152947739	0.009849360122879517	0.19991663334773963	NaN
1	131.25	561.1941535363367	1.2922555242111886	270.9282069258495	0.009846473693777594	0.19991662957791212	NaN
1	131.25	573.5430464753301	1.2918245962054193	271.0185021264696	0.009843192900012124	0.1999166252986622	NaN
1	131.25	587.5000722241016	1.2913429650638504	271.1194929039058	0.009839526082475143	0.19991662052410852	NaN
1	131.25	603.090344575506	1.2908116782426609	271.2309832389333	0.009835481215095686	0.19991661526661827	NaN
1	131.25	620.3136199222599	1.290232848449333	271.3525551018837	0.009831074381017064	0.1999166095500925	NaN
1	131.25	639.1649280249505	1.2896089037769392	271.4837248496877	0.009826324064950777	0.1999166034010683	NaN
1	131.25	659.6279133481646	1.2889427734605696	271.6239035011915	0.009821252566773983	0.19991659685128088	NaN
1	131.25	681.6821511911253	1.2882376038731633	271.77245565531956	0.0098158838396864	0.1999165899343318	NaN
1	131.25	705.3020938978736	1.287496756703066	271.92869923736157	0.009810243476181504	0.19991658268586932	NaN
1	131.25	730.462248547911	1.2867236123713244	272.09194636219183	0.00980435721152793	0.199916575141436	NaN
1	131.25	757.135706998303	1.2859215912621171	272.2614984491754	0.009798251085330256	0.1999165673367816	NaN
1	131.25	785.2975803644886	1.285094027757539	272.43667249439875	0.009791950482599393	0.19991655930647895	NaN
1	131.25	814.925273889346	1.2842441496380712	272.6168052501177	0.009785479976870055	0.1999165510837998	NaN
1	131.25	845.999658950263	1.2833750360178342	272.80126203596944	0.009778863009976137	0.19991654270025125	NaN
1	131.25	878.5055263463712	1.2824896018468852	272.9894400205031	0.009772121774045666	0.19991653418545077	NaN
1	131.25	912.4321780472775	1.281590582883711	273.1807714719591	0.009765277097090812	0.19991652556698003	NaN
1	131.25	947.7737510189756	1.2806805319967556	273.37472466038946	0.009758348414839609	0.1999165168703689	NaN
1	131.25	984.5295251684108	1.2797618189421884	273.5708040592452	0.009751353769036516	0.19991650811910877	NaN
1	131.25	1022.7041100760325	1.2788366357622218	273.76854937616196	0.009744309848531635	0.19991649933472577	NaN
1	131.25	1062.3075983946835	1.277907004831033	273.9675340325382	0.009737232050528098	0.19991649053687885	NaN
1	131.25	1103.355666622624	1.2769747895073251	274.1673630905417	0.00973013456167456	0.19991648174348337	NaN
1	131.25	1145.8697378101729	1.2760417043620118	274.36767126883734	0.009723030435923694	0.1999164729708291	NaN
1	131.25	1189.877259799682	1.2751093239376217	274.56812126900246	0.009715931661211782	0.19991646423368467	NaN
1	131.25	1235.4110108455993	1.274179112238564	274.76839763090504	0.009708849383971648	0.19991645554560158	NaN
1	131.25	1282.5096635964337	1.273252424519454	274.96820651611216	0.009701793922747429	0.19991644691893415	NaN
1	131.25	1331.2176378322097	1.2723305244034318	275.1672721842638	0.009694774898511274	0.19991643836503017	NaN
1	131.25	1381.5852207892483	1.271414594967641	275.36533474679175	0.00968780131906028	0.1999164298943416	NaN
1	131.25	1433.6685923113232	1.2705057512487834	275.56214759669035	0.009680881674221216	0.19991642151655722	NaN
1	131.25	1487.529875161522	1.269605051568251	275.75747507425905	0.009674024022070763	0.19991641324071835	NaN
1	131.25	1543.2372073403612	1.268713507733907	275.951090358742	0.009667236066603356	0.19991640507532385	NaN
1	131.25	1600.8647868217386	1.2678320948565294	276.1427734274827	0.00966052523246582	0.1999163970284293	NaN
1	131.25	1660.4929151351384	1.266961760163639	276.3323092178722	0.009653898732059555	0.1999163891077354	NaN
1	131.25	1722.2080215021201	1.2661034309626176	276.5194859612661	0.009647363626165983	0.19991638132066786	NaN
1	131.25	1786.1026876873354	1.2652580213204865	276.70409378541416	0.009640926874801736	0.19991637367444418	NaN
1	131.25	1852.275625939864	1.264426437981036	276.88592347452027	0.009634595382267552	0.19991636617613245	NaN
1	131.25	1920.8316439064115	1.2636095848595914	277.06476553335204	0.009628376031368105	0.19991635883269646	NaN
1	131.25	1991.8815471029316	1.2628083665714878	277.240409458661	0.009622275710274728	0.1999163516510321	NaN
1	131.25	2065.5420331399323	1.2620236901546233	277.41264340454944	0.009616301325638558	0.19991634463798724	NaN
1	131.25	2141.935537197817	1.2612564653754657	277.5812541600006	0.00961045980491815	0.19991633780036913	NaN
1	131.25	2221.1900267762016	1.260507603490574	277.7460274695544	0.009604758086947501	0.19991633114493715	NaN
1	131.25	2303.438817948781	1.2597780137362369	277.90674886029353	0.009599203095206166	0.19991632467837803	NaN
1	131.25	2388.8207585390437	1.2590685949950877	278.0632055418732	0.009593801674367238	0.19991631840723686	NaN
1	131.25	2477.47934484093	1.258380234937917	278.21518667096115	0.009588560583758645	0.19991631233791857	NaN
1	131.25	2569.563106845698	1.2577137965213705	278.36248641470837	0.009583486394555982	0.199916306476574	NaN
1	131.25	2665.2255259146555	1.2570701080355564	278.5049062494081	0.009578585414000355	0.19991630082902326	NaN
1	131.25	2764.62527284307	1.2564499504353142	278.64225787426085	0.009573863588935276	0.19991629540065423	NaN
1	131.25	2867.9266619020236	1.2558540438143002	278.7743663301476	0.009569326402815815	0.19991629019631565	NaN
1	131.25	2975.300340474885	1.2552830337235332	278.9010731661542	0.009564978771532999	0.1999162852202095	NaN
1	131.25	3086.924294414839	1.2547374777097533	279.02223956762276	0.009560824940911478	0.19991628047578666	NaN
1	131.25	3202.9851929314664	1.2542178328192266	279.1377492764926	0.009556868391557708	0.19991627596565112	NaN
1	131.25	3323.680061519251	1.2537244448435247	279.2475111266843	0.0095531117569714	0.19991627169148002	NaN
1	131.25	3449.218345994255	1.2532575395921965	279.35146112596703	0.009549556757089867	0.19991626765395992	NaN
1	131.25	3579.8243332161765	1.252817216776728	279.4495639491653	0.009546204151714846	0.199916263852746	NaN
1	131.25	3715.7399321833364	1.252403446682522	279.5418137983989	0.009543053715167976	0.1999162602864432	NaN
1	131.25	3857.227931164452	1.2520160693504825	279.62823468830544	0.009540104230055012	0.1999162569526085	NaN
1	131.25	4004.5755701218936	1.2516547967330334	279.7088800494609	0.009537353503678113	0.19991625384777603	NaN
1	131.25	4158.098742093949	1.2513192167905882	279.7838318784724	0.009534798399223797	0.19991625096749788	NaN
1	131.25	4318.146554750832	1.2510088000836295	279.8531993099489	0.009532434885953164	0.19991624830640436	NaN
1	131.25	4485.106709456475	1.2507229075755044	279.9171168971995	0.009530258098611705	0.19991624585827192	NaN
1	131.25	4659.41154716	1.250460799928263	279.9757425396782	0.00952826240820781	0.19991624361610316	NaN
1	131.25	4841.545038771712	1.2502216476172674	280.02925520941534	0.009526441499026247	0.1999162415722119	NaN
1	131.25	5032.0509447534105	1.2500045415313896	280.07785255312615	0.009524788449339659	0.19991623971831093	NaN
1	131.25	5231.5424940759185	1.2498085037211657	280.12174844802655	0.009523295813247054	0.19991623804559958	NaN
1	131.25	5440.713737717395	1.2496324982941287	280.16117051409475	0.00952195570363349	0.19991623654485302	NaN
1	131.25	5660.35319418179	1.2494754420466514	280.1963576772797	0.00952075987312374	0.19991623520650662	NaN
1	131.25	5891.360396997246	1.2493362147344687	280.2275578080582	0.009519699792285239	0.1999162340207382	NaN
1	131.25	6134.766091973127	1.2492136689458184	280.2550254456974	0.009518766724805307	0.19991623297754652	NaN
1	131.25	6391.757099652604	1.2491066395365928	280.2790196193321	0.009517951799333674	0.19991623206682524	NaN
1	131.25	6663.707165768784	1.2490139526207684	280.2998017691051	0.009517246077938774	0.1999162312784339	NaN
1	131.25	6952.215862141948	1.248934434049981	280.3176337836556	0.009516640620674326	0.19991623060226468	NaN
1	131.25	7259.157756036014	1.2488669175409433	280.33277611955737	0.009516126547464376	0.19991623002830586	NaN
1	131.25	7586.74565523538	1.2488102523853626	280.345486018254	0.009515695096809322	0.1999162295467025	NaN
1	131.25	7937.6125740664975	1.2487633108809404	280.35601579007647	0.009515337682368062	0.19991622914781568	NaN
1	131.25	8314.919536408303	1.2487249955022783	280.36461116155476	0.009515045947559472	0.19991622882227902	NaN
1	131.25	8722.499309700472	1.2486942458877945	280.37150966918	0.00951481181876281	0.19991622856105454	NaN
1	131.25	9165.0505790629	1.2486700457266109	280.3769390808337	0.009514627557756273	0.19991622835548864	NaN
1	131.25	9648.424613484995	1.248651428930247	280.38111598281864	0.00951448580870969	0.19991622819736163	NaN
1	131.25	10000.0	1.2486416247839918	280.3833157101631	0.009514411159535949	0.19991622811409615	NaN
1	131.25	Inf	1.2486095848008565	280.39050466774097	0.00951416720578542	0.1999162278419809	NaN
0.0	125.0	0.0	1.232744411514845	270.4751201128949	0.009862941490806213	0.19991608839969868	1.2327444114742478
0.0	125.0	1.589229500309216	1.2327435404960683	270.47512017660307	0.009863005198965297	0.19991602137994224	1.2327444114742478
0.0	125.0	2.0733034792484184	1.2327366403603504	270.4751206813335	0.009863509929391131	0.19991549047828605	1.2327444114742478
0.0	125.0	2.385628973811236	1.2327402409677424	270.47512041795613	0.009863246551996186	0.19991576751073536	1.2327444114742478
0.0	125.0	2.685850835466552	1.2327426266499395	270.47512024344815	0.009863072044017797	0.19991595106612145	1.2327444114742478
0.0	125.0	3.0004359117969037	1.2327434120465852	270.47512018599787	0.009863014593730141	0.19991601149456453	1.2327444114742478
0.0	125.0	3.3342757082389536	1.2327436086848538	270.4751201716141	0.009863000209953827	0.19991602662359972	1.2327444114742478
0.0	125.0	3.6837857060031345	1.2327435513020226	270.47512017581147	0.009863004407328915	0.199916022208132	1.2327444114742478
0.0	125.0	4.040435635100196	1.2327433631177742	270.4751201895767	0.009863018172580586	0.19991600772877038	1.2327444114742478
0.0	125.0	4.39633603642486	1.2327431508229065	270.4751202051056	0.009863033701488317	0.19991599139437433	1.2327444114742478
0.0	125.0	4.747633505092907	1.232743016225379	270.4751202149511	0.009863043547002168	0.19991598103810734	1.2327444114742478
0.0	125.0	5.094289244910663	1.2327429921848245	270.4751202167096	0.00986304530550381	0.1999159791882025	1.2327444114742478
0.0	125.0	5.438210387547699	1.2327430381586924	270.4751202133467	0.009863041942596969	0.19991598272528324	1.2327444114742478
0.0	125.0	5.781463968272851	1.2327430988122954	270.47512020891	0.009863037505900714	0.19991598739185845	1.2327444114742478
0.0	125.0	6.1253784654675565	1.232743141487026	270.47512020578847	0.009863034384325052	0.19991599067515034	1.2327444114742478
0.0	125.0	6.8153556638434365	1.2327446707446694	270.47512009392636	0.009862922522218065	0.19991610833698054	1.2327444114742478
0.0	125.0	7.535162434305164	1.232744358191872	270.47512011678896	0.00986294538482189	0.1999160842888214	1.2327444114742478
0.0	125.0	8.445720684874514	1.232744422441304	270.47512011208926	0.00986294068510513	0.19991608923208404	1.2327444114742478
0.0	125.0	9.679460498385982	1.2327444093662587	270.47512011304565	0.009862941641517886	0.1999160882259788	1.2327444114742478
0.0	125.0	11.491221157792268	1.2327444118163853	270.4751201128664	0.00986294146229595	0.19991608841442088	1.2327444114742478
0.0	125.0	14.409000782603485	1.2327444114330324	270.47512011289444	0.009862941490337432	0.19991608838488822	1.2327444114742478
0.0	125.0	19.674936670815452	1.2327444114773836	270.4751201128912	0.00986294148709327	0.19991608838829142	1.2327444114742478
0.0	125.0	30.852853252288277	1.2327444114741173	270.47512011289143	0.009862941487332133	0.1999160883880404	1.2327444114742478
0.0	125.0	64.41474124780544	1.2327444114742425	270.47512011289143	0.00986294148732298	0.19991608838804992	1.2327444114742478
0.0	125.0	221.63680187811568	1.232744411474241	270.47512011289143	0.009862941487323112	0.19991608838804986	1.2327444114742478
0.0	125.0	500.0	1.2327444114742405	270.4751201128915	0.009862941487323109	0.19991608838804983	1.2327444114742478
0.0	131.25	500.0	1.2327444114742405	270.4751201128915	0.009862941487323109	0.19991608838804983	1.2327444114742478
0.0	131.25	500.0604893367187	1.2363626326629251	270.4751201128915	0.009862941487323109	0.19991608838804983	1.2327444114742478
0.0	131.25	500.2072044685494	1.244280643970741	270.4751201128915	0.0098629414873231	0.19991608838804983	1.2327444114742478
0.0	131.25	500.3994720442646	1.2530447994715495	270.4751201128915	0.009862941487323109	0.19991608838804983	1.2327444114742478
0.0	131.25	500.63453941797275	1.2617049063888401	270.4751201128915	0.009862941487323107	0.19991608838804983	1.2327444114742478
0.0	131.25	500.9168171645477	1.2697419764307887	270.4751201128915	0.009862941487323104	0.19991608838804983	1.2327444114742478
0.0	131.25	501.2453965474957	1.2766429956777874	270.4751201128915	0.009862941487323104	0.19991608838804983	1.2327444114742478
0.0	131.25	501.62285068915764	1.282220393763003	270.4751201128915	0.009862941487323104	0.19991608838804983	1.2327444114742478
0.0	131.25	502.05046737495525	1.28645208893863	270.4751201128915	0.009862941487323104	0.19991608838804983	1.2327444114742478
0.0	131.25	502.53184748869387	1.2894819522553904	270.4751201128915	0.009862941487323109	0.19991608838804983	1.2327444114742478
0.0	131.25	503.0713234006858	1.291524992163441	270.4751201128915	0.009862941487323248	0.1999160883880497	1.2327444114742478
0.0	131.25	503.6755907199546	1.292820623500671	270.4751201128915	0.009862941487328497	0.19991608838804417	1.2327444114742478
0.0	131.25	504.35357451570593	1.2935892308470531	270.47512011289194	0.009862941487754904	0.1999160883875957	1.2327444114742478
0.0	131.25	505.11768838647987	1.29401257246025	270.4751201129664	0.009862941562231114	0.19991608830925797	1.2327444114742478
0.0	131.25	505.9842503177029	1.2942260452911414	270.47512014208496	0.009862970680790456	0.19991605768093196	1.2327444114742478
0.0	131.25	506.5161969494319	1.2942835545116707	270.47512059546074	0.009863424056566055	0.19991558079809862	1.2327444114742478
0.0	131.25	506.8395211989572	1.2943110936213016	270.4751204313537	0.009863259949479427	0.19991575341396364	1.2327444114742478
0.0	131.25	507.1432453027992	1.2943308574801504	270.47512025835766	0.009863086953465251	0.19991593537963911	1.2327444114742478
0.0	131.25	507.45718661317164	1.2943449094984136	270.4751201933664	0.009863021962242112	0.19991600374058902	1.2327444114742478
0.0	131.25	507.7883869194948	1.2943552099387245	270.4751201744329	0.009863003028707833	0.19991602365580738	1.2327444114742478
0.0	131.25	508.13496058709995	1.2943626768015857	270.4751201753996	0.00986300399538741	0.1999160226390067	1.2327444114742478
0.0	131.25	508.48971260568476	1.29436791064279	270.4751201865227	0.009863015118531793	0.19991601093913916	1.2327444114742478
0.0	131.25	508.8450894353127	1.2943714966406537	270.47512020060475	0.009863029200555557	0.19991599612697739	1.2327444114742478
0.0	131.25	509.196793153288	1.294373984082863	270.4751202106859	0.009863039281705715	0.19991598552313028	1.2327444114742478
0.0	131.25	509.5441554653354	1.2943757738873083	270.475120213661	0.009863042256833843	0.19991598239374495	1.2327444114742478
0.0	131.25	509.88863906199236	1.2943770919730468	270.4751202114068	0.009863040002639881	0.19991598476481653	1.2327444114742478
0.0	131.25	510.232156986056	1.2943780567367078	270.47512020751356	0.009863036109366357	0.19991598885995224	1.2327444114742478
0.0	131.25	510.5760755636241	1.2943787460436715	270.47512020444424	0.009863033040039295	0.1999159920884207	1.2327444114742478
0.0	131.25	511.2657888199062	1.2943811232916	270.47512009420217	0.00986292279796226	0.19991610804643373	1.2327444114742478
0.0	131.25	511.98331139790565	1.2943812040756317	270.47512011673075	0.009862945326529603	0.19991608434978408	1.2327444114742478
0.0	131.25	512.8983220235427	1.2943814993893161	270.47512011210176	0.009862940697521354	0.19991608921880172	1.2327444114742478
0.0	131.25	514.1071412218074	1.2943815906472105	270.4751201130444	0.009862941640143943	0.19991608822730528	1.2327444114742478
0.0	131.25	516.0616105806461	1.29438162937131	270.4751201128678	0.009862941463535013	0.1999160884130713	1.2327444114742478
0.0	131.25	518.707119789191	1.2943816320958377	270.4751201128946	0.009862941490388574	0.19991608838482544	1.2327444114742478
0.0	131.25	525.1319442670449	1.294381632032405	270.4751201128914	0.009862941487125628	0.19991608838825756	1.2327444114742478
0.0	131.25	540.6126613860386	1.2943816320511188	270.4751201128916	0.009862941487328827	0.19991608838804387	1.2327444114742478
0.0	131.25	581.5602845546437	1.2943816320476458	270.4751201128916	0.009862941487323034	0.1999160883880498	1.2327444114742478
0.0	131.25	707.9936459870551	1.2943816320479633	270.4751201128916	0.009862941487323102	0.19991608838804983	1.2327444114742478
0.0	131.25	1236.9229380859108	1.2943816320479504	270.47512011289166	0.009862941487323093	0.1999160883880498	1.2327444114742478
0.0	131.25	4736.999908933436	1.2943816320479509	270.47512011289194	0.009862941487323092	0.19991608838804986	1.2327444114742478
0.0	131.25	10000.0	1.2943816320479498	270.4751201128921	0.009862941487323085	0.19991608838804983	1.2327444114742478
0	131.25	Inf	1.2943816320480148	270.47512011289217	0.00986294148732308	0.19991608838804986	1.2327444114742478
