FB	rho	time	Y	U	W	C	Ys
1	0.3863	0.0	0.7992817205447686	1.4211799052653804	1.8701045647846477	0.19917228925838412	NaN
1	0.3863	9.999999999999999e-5	0.7992817205447686	1.421179905265379	1.8701045647846464	0.19917228925838545	NaN
1	0.3863	0.0010999999999999998	0.7992817205447686	1.4211799052653658	1.870104564784633	0.1991722892583987	NaN
1	0.3863	0.011099999999999997	0.7992817205447686	1.4211799052652334	1.8701045647845007	0.19917228925853062	NaN
1	0.3863	0.11109999999999996	0.7992817205447681	1.4211799052639191	1.8701045647831864	0.19917228925980532	NaN
1	0.3863	1.1110999999999995	0.7992817205443905	1.421179905251619	1.870104564770901	0.19917228926886416	NaN
1	0.3863	9.196387864292731	0.799281720923243	1.4211799051360572	1.870104564710851	0.19917228922098534	NaN
1	0.3863	23.036701414523833	0.7992847487993595	1.4211794951818022	1.8701045342965334	0.19917234477812013	NaN
1	0.3863	26.83519819460562	0.7992866541427043	1.4211792362344216	1.870104514943549	0.19917238830099274	NaN
1	0.3863	30.081843248018423	0.7992847137488597	1.4211794992517033	1.8701045345111316	0.19917234973394693	NaN
1	0.3863	33.21269403400866	0.7992831870204421	1.4211797062504001	1.8701045499204778	0.19917231893784182	NaN
1	0.3863	36.43392500632488	0.7992825693752629	1.4211797899938823	1.870104556158801	0.19917230645029593	NaN
1	0.3863	39.81455168447428	0.7992823794213593	1.421179815746901	1.870104558081756	0.19917230260659755	NaN
1	0.3863	43.338516437698395	0.7992823837352965	1.4211798151588573	1.8701045580443056	0.19917230269520067	NaN
1	0.3863	46.93991587503258	0.7992824868462941	1.4211798011748742	1.8701045570095638	0.19917230478518197	NaN
1	0.3863	50.549033202114195	0.7992826181558248	1.4211797833677906	1.870104555689782	0.19917230744651815	NaN
1	0.3863	54.12544830508222	0.799282712749738	1.4211797705397025	1.8701045547399757	0.1991723093637788	NaN
1	0.3863	57.66204547127186	0.7992827421071373	1.4211797665578771	1.8701045544479766	0.1991723099589706	NaN
1	0.3863	61.17169861618682	0.7992827227014621	1.4211797691884718	1.8701045546475807	0.1991723095659342	NaN
1	0.3863	64.67196410561716	0.7992826871982609	1.4211797740020518	1.8701045550091833	0.19917230884665757	NaN
1	0.3863	68.17556959422292	0.7992826585755493	1.4211797778828046	1.8701045553009379	0.1991723082668056	NaN
1	0.3863	75.19980882786425	0.7992815290444281	1.4211799310441011	1.8701045667047584	0.1991722853763443	NaN
1	0.3863	82.52466963889161	0.7992817598914382	1.4211798997415332	1.8701045643786942	0.19917229005494902	NaN
1	0.3863	91.78733545330171	0.7992817124418733	1.4211799061754995	1.8701045648606864	0.1991722890936378	NaN
1	0.3863	104.33314680356845	0.7992817221010132	1.421179904865789	1.8701045647657217	0.19917228928964073	NaN
1	0.3863	122.74978216360802	0.7992817202910528	1.4211799051113427	1.870104564785662	0.19917228925314565	NaN
1	0.3863	152.39594347500673	0.799281720574967	1.4211799050729643	1.8701045647835126	0.19917228925898975	NaN
1	0.3863	205.8702009775087	0.7992817205421435	1.4211799050774545	1.870104564783913	0.199172289258338	NaN
1	0.3863	319.23025553841626	0.7992817205445596	1.4211799050771234	1.8701045647838692	0.19917228925838446	NaN
1	0.3863	500.0	0.7992817205444677	1.421179905077137	1.8701045647838732	0.1991722892583832	NaN
1	0.405615	500.0	0.7992817205444677	1.421179905077137	1.8701045647838732	0.1991722892583832	NaN
1	0.405615	500.0617307297131	0.8016743623857644	1.4211892177363963	1.8701045512828078	0.19917230265555233	NaN
1	0.405615	500.21145704070545	0.8068993971532917	1.4212836044383073	1.8701040441132624	0.19917279629635234	NaN
1	0.405615	500.40766671144144	0.8126627527007523	1.4215403977189898	1.8701010267260028	0.19917565036064291	NaN
1	0.405615	500.64760760503736	0.8183340543710688	1.4220203712936685	1.8700912497076472	0.1991845587577171	NaN
1	0.405615	500.93581508364684	0.8235704340276309	1.4227815128177315	1.8700672350909266	0.19920544494837536	NaN
1	0.405615	501.27144235822107	0.8280390726121495	1.4238504563705627	1.8700183548324294	0.19924563510473386	NaN
1	0.405615	501.65721613987444	0.8316234331308389	1.4252407886430105	1.8699302478768878	0.19931342394511728	NaN
1	0.405615	502.09459369688534	0.8343163299953562	1.4269428291175532	1.869785548554751	0.19941647417848982	NaN
1	0.405615	502.58744467724125	0.836216661992375	1.428941596681508	1.8695632623844438	0.19956131587752401	NaN
1	0.405615	503.1404562236854	0.837465458986654	1.4312167027968836	1.8692389537671046	0.1997522724983118	NaN
1	0.405615	503.7608406248564	0.8382137168907655	1.433753005326916	1.8687833721624387	0.19999143995181107	NaN
1	0.405615	504.45823907046446	0.8385933371774249	1.4365416930089492	1.8681612026762175	0.20027840206655173	NaN
1	0.405615	505.246139015869	0.8387037204228622	1.4395847501928476	1.8673281385286014	0.20061051444418765	NaN
1	0.405615	506.14297818199447	0.8386062044104514	1.4428951391082745	1.8662271393279906	0.2009829153381502	NaN
1	0.405615	507.1746114737565	0.8383242240369602	1.4464986961307726	1.864782081638187	0.20138861769151753	NaN
1	0.405615	508.37796782506473	0.8378449223513177	1.450435122056779	1.8628881503290557	0.20181814990091074	NaN
1	0.405615	509.8078032394507	0.8371186998651943	1.4547608861488799	1.8603955823926932	0.20225865197431747	NaN
1	0.405615	511.5490106887325	0.8360526709532448	1.4595531805138677	1.8570818941403078	0.20269161671641722	NaN
1	0.405615	513.7412557874462	0.8344919495341975	1.4649155157275284	1.8526016270421848	0.20308790835756552	NaN
1	0.405615	516.6343222684764	0.8321763094965696	1.4709847438791053	1.846388538297579	0.203396744059215	NaN
1	0.405615	520.1639026601769	0.8291407091305549	1.4770704399793908	1.838682675259825	0.20352007156144705	NaN
1	0.405615	523.6382320931192	0.8260973738888231	1.4818900478276558	1.831261355656509	0.2034491594432636	NaN
1	0.405615	527.283019810459	0.8229822286980464	1.4859315956580037	1.8238773571063926	0.20324063958535185	NaN
1	0.405615	530.968785682677	0.8200054457164118	1.489165074232048	1.8169711545006528	0.20294552447218284	NaN
1	0.405615	534.6070190704074	0.8172927058217068	1.491681008510301	1.8107801382125503	0.20261103418783447	NaN
1	0.405615	538.1768615376045	0.8148749414244236	1.493626368053529	1.805332955596375	0.2022679031603985	NaN
1	0.405615	541.6940982186475	0.8127367275298008	1.4951363661987942	1.80056546245103	0.20193272805092116	NaN
1	0.405615	545.1854883597687	0.8108498395977041	1.4963148961393338	1.7963945787344404	0.20161388089036908	NaN
1	0.405615	548.673927644495	0.809188085268014	1.4972369427275625	1.792748365664313	0.20131583009735726	NaN
1	0.405615	552.1721303460369	0.807730786253453	1.4979566210948103	1.7895713159119961	0.2010413030150782	NaN
1	0.405615	555.6829952313805	0.8064609686309151	1.4985146529144198	1.7868188190795915	0.20079195364417393	NaN
1	0.405615	559.2032881498538	0.8053627348084184	1.4989432913235738	1.7844505368662662	0.20056842429103403	NaN
1	0.405615	562.7278296602436	0.8044197709411064	1.499268940026119	1.7824266735722523	0.2003703569306982	NaN
1	0.405615	566.2524349891343	0.8036152113027034	1.499513378821499	1.780707384632774	0.20019654993448743	NaN
1	0.405615	569.7750597434226	0.8029322799708153	1.4996944054081953	1.7792539363604765	0.20004522884795103	NaN
1	0.405615	573.2955428531768	0.802355058109157	1.4998263472532258	1.7780301643599352	0.19991432814992702	NaN
1	0.405615	576.8147253134445	0.8018690065745562	1.4999205880329147	1.777003429426189	0.19980170901704886	NaN
1	0.405615	580.3336018775506	0.801461173434492	1.4999860944971983	1.7761449251421526	0.19970529317726896	NaN
1	0.405615	583.8528316349909	0.8011201754546492	1.5000298946146213	1.7754295300240057	0.19962312941189794	NaN
1	0.405615	587.3726244382733	0.8008360719713653	1.5000574777658648	1.774835454782163	0.19955341976492727	NaN
1	0.405615	590.8928693866986	0.8006002124059985	1.5000731146124022	1.7743438532623614	0.19949452663977907	NaN
1	0.405615	594.4133307924624	0.8004050949097141	1.5000801089727898	1.7739384721124778	0.19944497259404145	NaN
1	0.405615	597.933804415378	0.80024424260628	1.5000809973649543	1.773605349162876	0.1994034369523831	NaN
1	0.405615	601.4541827750643	0.800112093287801	1.5000777089561252	1.7733325490930767	0.19936875011062602	NaN
1	0.405615	604.974451653054	0.8000038966102994	1.5000716947506514	1.7731099218959403	0.19933988531420457	NaN
1	0.405615	608.4946499848395	0.7999156167804162	1.5000640318886702	1.7729288784789832	0.19931594826636662	NaN
1	0.405615	612.0148278942468	0.7998438410489408	1.5000555073693933	1.772782182918281	0.19929616528250596	NaN
1	0.405615	615.5350205842958	0.7997856954015209	1.5000466847508394	1.772663763355175	0.19927987087025542	NaN
1	0.405615	619.055241110663	0.7997387685369455	1.5000379569214992	1.7725685430739038	0.19926649546883246	NaN
1	0.405615	622.5754852770774	0.7997010444983892	1.50002958762353	1.7724922919349482	0.19925555383203644	NaN
1	0.405615	626.0957418930279	0.7996708436525563	1.500021743966991	1.7724314970546589	0.19924663429954384	NaN
1	0.405615	629.6160007004713	0.7996467713814458	1.5000145217663894	1.7723832510355806	0.19923938905587144	NaN
1	0.405615	633.136255637836	0.7996276736933866	1.5000079651637868	1.7723451557889074	0.1992335253802043	NaN
1	0.405615	640.1767549747763	0.7995994372396538	1.4999969948477139	1.7722914977571893	0.19922492739760075	NaN
1	0.405615	647.0774378646415	0.7995834719043523	1.4999884586550856	1.7722598308269515	0.19921954699742656	NaN
1	0.405615	655.3954755726614	0.7995723224681489	1.499980880340865	1.772238509278808	0.19921560938944693	NaN
1	0.405615	663.972953994199	0.7995666041595481	1.4999754631351818	1.7722278367124285	0.19921336821668384	NaN
1	0.405615	673.7391335989529	0.7995638202651217	1.4999714426957462	1.772222957405459	0.19921208507249819	NaN
1	0.405615	684.7353778099983	0.7995629445998595	1.4999687447682062	1.7722217336310986	0.199211480657632	NaN
1	0.405615	697.6269161187267	0.7995630580096222	1.499967066160955	1.7722223353418842	0.19921127514389572	NaN
1	0.405615	713.2812098493221	0.7995635501197227	1.499966159030875	1.7722235521018637	0.19921127564357494	NaN
1	0.405615	733.515529579201	0.7995640335625089	1.499965770875451	1.772224637555631	0.19921134652725514	NaN
1	0.405615	759.7806552460199	0.7995643030362987	1.499965677729421	1.7722252156655154	0.1992114032802538	NaN
1	0.405615	791.7398217535124	0.7995643784363843	1.4999656785952213	1.7722253715394967	0.19921142292841043	NaN
1	0.405615	834.9775932809995	0.7995643856959971	1.4999656839616988	1.7722253853927608	0.19921142555947186	NaN
1	0.405615	902.9021214249257	0.7995643843271504	1.4999656842595288	1.772225382494442	0.19921142524664842	NaN
1	0.405615	1022.908181522362	0.7995643845139262	1.4999656841715459	1.7722253829002557	0.19921142528270705	NaN
1	0.405615	1249.8054328638666	0.7995643844754006	1.4999656841906066	1.7722253828163506	0.1992114252753972	NaN
1	0.405615	1734.1289739163412	0.7995643844831486	1.4999656841875317	1.772225382833059	0.19921142527697325	NaN
1	0.405615	2941.4339781801878	0.7995643844821053	1.4999656841878022	1.772225382830841	0.199211425276741	NaN
1	0.405615	6760.528460758378	0.7995643844821722	1.4999656841877942	1.7722253828309809	0.19921142527675725	NaN
1	0.405615	10000.0	0.7995643844821707	1.4999656841877946	1.7722253828309786	0.19921142527675692	NaN
1	0.405615	Inf	0.7995643845417373	1.4999657215553721	1.7722253829776573	0.19921142527694735	NaN
0.0	0.3863	0.0	0.7992817205772073	1.4211799053490337	1.87010456486866	0.19917228925835156	0.7992817205447686
0.0	0.3863	3.9432661176463153	0.7992817205864996	1.4211799052753828	1.8701045647950092	0.19917228928682015	0.7992817205447686
0.0	0.3863	13.946198497733544	0.7992817401975704	1.4211799051923384	1.8701045647119647	0.19917228916821192	0.7992817205447686
0.0	0.3863	22.09832175869844	0.799286466695953	1.4211799051707377	1.870104564690364	0.19917228899338268	0.7992817205447686
0.0	0.3863	25.55375023727454	0.7992860479927072	1.4211799051662803	1.8701045646859067	0.19917228921101465	0.7992817205447686
0.0	0.3863	28.665199640037454	0.7992838130537361	1.4211799051636578	1.8701045646832841	0.1991722892494746	0.7992817205447686
0.0	0.3863	31.819310425378482	0.799282815415673	1.421179905161862	1.8701045646814884	0.1991722892573846	0.7992817205447686
0.0	0.3863	35.12822012610365	0.7992824836651791	1.4211799051606002	1.8701045646802266	0.19917228925879468	0.7992817205447686
0.0	0.3863	38.598853036863154	0.7992824357756381	1.4211799051597294	1.8701045646793557	0.19917228925887512	0.7992817205447686
0.0	0.3863	42.17400496522291	0.7992825293873117	1.4211799051591485	1.8701045646787748	0.19917228925875316	0.7992817205447686
0.0	0.3863	45.777174839838295	0.799282681922994	1.421179905158773	1.8701045646783994	0.19917228925864208	0.7992817205447686
0.0	0.3863	49.35494393062388	0.7992828128272417	1.4211799051585337	1.87010456467816	0.19917228925856606	0.7992817205447686
0.0	0.3863	52.89029404892436	0.799282870977666	1.4211799051583813	1.8701045646780077	0.19917228925851654	0.7992817205447686
0.0	0.3863	56.392193965993016	0.7992828614849462	1.4211799051582834	1.8701045646779098	0.19917228925848482	0.7992817205447686
0.0	0.3863	59.87893882789712	0.7992828215293026	1.4211799051582201	1.8701045646778465	0.1991722892584641	0.7992817205447686
0.0	0.3863	63.36596113674686	0.799282783505823	1.4211799051581793	1.8701045646778056	0.19917228925845037	0.7992817205447686
0.0	0.3863	66.86103242450265	0.7992827618260838	1.4211799051581526	1.870104564677779	0.19917228925844177	0.7992817205447686
0.0	0.3863	73.86878100312845	0.7992815078625704	1.421179905158123	1.8701045646777494	0.19917228925843222	0.7992817205447686
0.0	0.3863	81.18000563014058	0.7992817642113128	1.4211799051581109	1.8701045646777372	0.1991722892584281	0.7992817205447686
0.0	0.3863	90.43066026564185	0.7992817115087417	1.421179905158105	1.8701045646777315	0.19917228925842637	0.7992817205447686
0.0	0.3863	102.96725740537455	0.7992817222313023	1.421179905158103	1.8701045646777295	0.1991722892584257	0.7992817205447686
0.0	0.3863	121.38229183102237	0.7992817202233657	1.4211799051581029	1.8701045646777292	0.19917228925842553	0.7992817205447686
0.0	0.3863	151.049606652935	0.7992817205371653	1.4211799051581029	1.8701045646777292	0.1991722892584256	0.7992817205447686
0.0	0.3863	204.61823019950776	0.7992817205009244	1.4211799051581027	1.870104564677729	0.19917228925842556	0.7992817205447686
0.0	0.3863	318.4582428067311	0.7992817205035864	1.4211799051581027	1.870104564677729	0.19917228925842556	0.7992817205447686
0.0	0.3863	500.0	0.7992817205034836	1.4211799051581027	1.870104564677729	0.19917228925842556	0.7992817205447686
0.0	0.405615	500.0	0.7992817205034836	1.4211799051581027	1.870104564677729	0.19917228925842556	0.7992817205447686
0.0	0.405615	500.0631779436376	0.801728702365497	1.4211799051581027	1.870104564677729	0.19917228925842556	0.7992817205447686
0.0	0.405615	500.216387671173	0.8070585088529088	1.4211799051581027	1.870104564677729	0.19917228925842556	0.7992817205447686
0.0	0.405615	500.4171767551323	0.8129143909157199	1.4211799051581027	1.870104564677729	0.19917228925842556	0.7992817205447686
0.0	0.405615	500.66283484601865	0.8186501520665297	1.4211799051581027	1.870104564677729	0.19917228925842556	0.7992817205447686
0.0	0.405615	500.95807235347985	0.8239157839955631	1.4211799051581027	1.870104564677729	0.19917228925842553	0.7992817205447686
0.0	0.405615	501.3021611282919	0.8283792459832854	1.4211799051581027	1.870104564677729	0.19917228925842553	0.7992817205447686
0.0	0.405615	501.6980542953021	0.8319320417859765	1.4211799051581027	1.870104564677729	0.19917228925842553	0.7992817205447686
0.0	0.405615	502.14746172679264	0.8345797819928134	1.4211799051581027	1.870104564677729	0.19917228925842553	0.7992817205447686
0.0	0.405615	502.65462743928737	0.836436058238049	1.4211799051581027	1.870104564677729	0.1991722892584255	0.7992817205447686
0.0	0.405615	503.22471526274063	0.8376570381460438	1.4211799051581027	1.870104564677729	0.1991722892584255	0.7992817205447686
0.0	0.405615	503.86560427028735	0.838408841334619	1.4211799051581027	1.870104564677729	0.1991722892584255	0.7992817205447686
0.0	0.405615	504.58782317823176	0.838839323400149	1.4211799051581027	1.870104564677729	0.19917228925842548	0.7992817205447686
0.0	0.405615	505.4060851054243	0.8390664584773212	1.4211799051581027	1.870104564677729	0.19917228925842548	0.7992817205447686
0.0	0.405615	506.34051867677596	0.8391753387228675	1.4211799051581027	1.870104564677729	0.19917228925842548	0.7992817205447686
0.0	0.405615	507.41934493109363	0.8392218247062988	1.4211799051581027	1.870104564677729	0.19917228925842548	0.7992817205447686
0.0	0.405615	508.6828016448592	0.8392390030013165	1.4211799051581027	1.870104564677729	0.19917228925842548	0.7992817205447686
0.0	0.405615	510.19011872369543	0.8392442762577194	1.4211799051581027	1.870104564677729	0.19917228925842548	0.7992817205447686
0.0	0.405615	512.0316888503262	0.8392455436665212	1.4211799051581027	1.870104564677729	0.19917228925842548	0.7992817205447686
0.0	0.405615	514.3509471733513	0.8392457643944907	1.4211799051581027	1.870104564677729	0.19917228925842548	0.7992817205447686
0.0	0.405615	517.3746578290287	0.8392457891845914	1.4211799051581024	1.8701045646777288	0.19917228925842576	0.7992817205447686
0.0	0.405615	521.341413600694	0.839245768180207	1.4211799051581027	1.870104564677729	0.19917228925842542	0.7992817205447686
0.0	0.405615	525.9401213130205	0.8392455836428344	1.4211799051581027	1.870104564677729	0.1991722892584255	0.7992817205447686
0.0	0.405615	530.4000526979796	0.8392447466436662	1.4211799051581027	1.870104564677729	0.19917228925842548	0.7992817205447686
0.0	0.405615	534.3673403848467	0.8392434610329002	1.4211799051581027	1.870104564677729	0.19917228925842548	0.7992817205447686
0.0	0.405615	537.9162515830359	0.8392432754304867	1.4211799051581027	1.870104564677729	0.19917228925842548	0.7992817205447686
0.0	0.405615	541.2529931415106	0.8392439493949054	1.4211799051581027	1.870104564677729	0.19917228925842564	0.7992817205447686
0.0	0.405615	544.5537440308132	0.8392445314581333	1.4211799051581029	1.8701045646777292	0.1991722892584254	0.7992817205447686
0.0	0.405615	547.9163094942586	0.8392448254444906	1.4211799051581029	1.8701045646777292	0.19917228925842553	0.7992817205447686
0.0	0.405615	551.3680959730751	0.8392449179240984	1.4211799051581029	1.8701045646777292	0.19917228925842553	0.7992817205447686
0.0	0.405615	554.8895923163893	0.8392448936095744	1.4211799051581029	1.8701045646777292	0.19917228925842553	0.7992817205447686
0.0	0.405615	561.9943687015463	0.8392459933910754	1.4211799051581029	1.8701045646777292	0.19917228925842556	0.7992817205447686
0.0	0.405615	569.4594119292424	0.83924576802549	1.4211799051581029	1.8701045646777292	0.19917228925842556	0.7992817205447686
0.0	0.405615	578.9727131802407	0.8392458144257832	1.4211799051581029	1.8701045646777292	0.19917228925842556	0.7992817205447686
0.0	0.405615	591.9580191727438	0.839245805029953	1.4211799051581029	1.8701045646777292	0.19917228925842556	0.7992817205447686
0.0	0.405615	611.1867305696085	0.8392458067659706	1.4211799051581029	1.8701045646777292	0.19917228925842556	0.7992817205447686
0.0	0.405615	642.4702405233501	0.8392458065011857	1.4211799051581029	1.8701045646777292	0.19917228925842556	0.7992817205447686
0.0	0.405615	699.6677718585455	0.8392458065306379	1.4211799051581027	1.870104564677729	0.19917228925842553	0.7992817205447686
0.0	0.405615	824.9199798190207	0.8392458065285896	1.4211799051581027	1.870104564677729	0.19917228925842562	0.7992817205447686
0.0	0.405615	1216.2252748297135	0.8392458065286615	1.4211799051581027	1.870104564677729	0.19917228925842553	0.7992817205447686
0.0	0.405615	3149.735883862809	0.8392458065286604	1.4211799051581029	1.8701045646777292	0.19917228925842556	0.7992817205447686
0.0	0.405615	10000.0	0.8392458065286599	1.4211799051581027	1.870104564677729	0.1991722892584255	0.7992817205447686
0	0.405615	Inf	0.8392458065284396	1.4211799051581029	1.8701045646777292	0.19917228925842556	0.7992817205447686
